469
293
432
321
449
428
450
464
395
333
229
498
211
223
383
226
207
446
400
451
343
221
239
395
230
477
437
465
482
283
272
419
231
346
260
496
422
311
341
309
287
483
202
484
486
405
320
451
277
320
296
435
303
264
480
224
369
370
255
422
282
307
335
309
286
266
254
322
465
458
261
233
338
287
295
492
400
264
414
216
447
474
365
330
418
293
246
293
247
463
492
258
321
281
394
320
438
482
338
293
219
215
489
275
445
301
457
362
280
262
217
437
270
414
463
335
407
202
473
373
257
415
210
313
365
283
245
239
459
270
215
372
352
377
449
379
420
295
497
214
361
339
243
385
253
410
471
417
470
362
452
310
367
353
292
317
480
268
260
257
417
254
366
458
221
457
334
258
353
226
424
205
336
368
206
216
455
223
344
383
205
240
256
415
487
445
345
333
310
324
420
287
336
327
339
211
403
487
283
284
327
332
387
328
441
465
465
266
446
378
479
391
382
472
452
407
418
322
453
235
316
238
333
363
481
269
437
413
214
285
293
429
277
408
306
211
419
357
297
256
280
427
410
370
426
307
205
206
487
259
440
251
262
390
425
387
299
313
227
290
401
420
361
292
395
304
204
363
253
347
435
494
371
275
463
310
319
317
300
458
255
418
496
275
407
285
360
286
374
365
317
302
329
447
363
301
485
232
283
440
421
450
397
448
352
417
393
251
465
271
408
443
220
338
416
478
403
472
480
382
362
462
207
291
384
308
257
320
308
249
209
281
453
337
302
326
342
444
303
280
346
384
347
344
240
312
287
342
233
305
388
232
424
489
482
266
428
438
346
414
331
453
488
396
345
253
270
362
222
214
449
307
472
347
494
404
264
343
366
212
378
232
357
471
478
483
346
453
281
302
213
368
443
271
294
298
470
473
499
356
422
341
406
366
482
479
435
294
205
299
246
442
396
471
353
255
415
274
245
462
209
324
263
450
417
258
324
298
321
330
472
362
309
500
496
273
366
282
366
214
336
215
219
306
345
286
317
323
366
229
251
366
215
409
425
214
453
273
429
268
216
380
261
342
461
429
393
307
333
341
334
431
286
206
209
365
334
386
319
301
255
274
343
438
349
469
368
244
259
282
453
368
351
499
292
285
261
500
474
346
